10 9 3 6 2
10 9 3 6 2
10 9 3 6 2
10 9 3 6 2
10 9 3 6 2
10 9 3 6 2
10 9 3 6 2
10 9 3 6 2
10 9 3 6 2
10 9 3 6 2
10 9 3 6 2
10 9 3 6 2
10 9 3 6 2
10 9 3 6 2
10 9 3 6 2
10 9 3 6 2
10 9 3 6 2
10 9 3 6 2
10 9 3 6 2
10 9 3 6 2
10 9 3 6 2
10 9 3 6 2
10 9 3 6 2
10 9 3 6 2
10 9 3 6 2
10 9 3 6 2
10 9 3 6 2
10 9 3 6 2
10 9 3 6 2
10 9 3 6 2
10 9 3 6 2
10 9 3 6 2
10 9 3 6 2
10 9 3 6 2
10 9 3 6 2
10 9 3 6 2
10 9 3 6 2
10 9 3 6 2
10 9 3 6 2
10 9 3 6 2
10 9 3 6 2
10 9 3 6 2
10 9 3 6 2
10 9 3 6 2
10 9 3 6 2
10 9 3 6 2
10 9 3 6 2
10 9 3 6 2
10 9 3 6 2
10 9 3 6 2